image_width: 1280
image_height: 720
camera_name: right_camera
camera_matrix:
  rows: 3
  cols: 3
  data: [1609.564935866953, 0, 826.3870797148834, 0, 1582.338901359486, 479.6389796793692, 0, 0, 1]
distortion_model: plumb_bob
distortion_coefficients:
  rows: 1
  cols: 5
  data: [0.2054606884115254, -0.1368233886072572, 0.01929692717349123, 0.04069234733749975, 0]
rectification_matrix:
  rows: 3
  cols: 3
  data: [1, 0, 0, 0, 1, 0, 0, 0, 1]
projection_matrix:
  rows: 3
  cols: 4
  data: [1630.630615234375, 0, 846.7716790055856, 0, 0, 1640.343994140625, 483.2974694836448, 0, 0, 0, 1, 0]